0.000093 0.000636
0.000122 0.000784
0.000109 0.000711
0.000104 0.000699
0.000117 0.000753
0.000100 0.000614
0.000116 0.000696
0.000162 0.000917
0.000180 0.001023
0.000206 0.001129
0.000204 0.001090
0.000273 0.001438
0.000286 0.001522
0.000296 0.001584
0.000319 0.001717
0.000420 0.002261
0.000473 0.002549
0.000533 0.002879
0.000551 0.002944
0.000577 0.003088
0.000540 0.002909
0.000554 0.002960
0.000484 0.002663
0.000480 0.002679
0.000468 0.002593
0.000457 0.002625
0.000449 0.002588
0.000415 0.002400
0.000402 0.002295
0.000354 0.002065
0.000326 0.001920
0.000303 0.001806
0.000294 0.001786
0.000281 0.001742
0.000276 0.001746
0.000244 0.001543
0.000260 0.001649
0.000243 0.001554
0.000256 0.001624
0.000229 0.001452
0.000239 0.001517
0.000229 0.001465
0.000269 0.001714
0.000208 0.001319
0.000224 0.001409
0.000211 0.001331
0.000246 0.001472
0.000174 0.001069
0.000168 0.001023
0.000165 0.000969
0.000090 0.000652
0.000114 0.000779
0.000098 0.000691
0.000089 0.000646
0.000098 0.000677
0.000081 0.000537
0.000091 0.000587
0.000118 0.000736
0.000123 0.000785
0.000138 0.000851
0.000128 0.000787
0.000166 0.000999
0.000166 0.001013
0.000169 0.001045
0.000172 0.001076
0.000210 0.001338
0.000225 0.001452
0.000246 0.001581
0.000240 0.001570
0.000269 0.001771
0.000295 0.001908
0.000336 0.002133
0.000341 0.002161
0.000428 0.002628
0.000571 0.003255
0.000681 0.003760
0.000688 0.003563
0.000705 0.003346
0.000699 0.003186
0.000559 0.002766
0.000427 0.002328
0.000287 0.001768
0.000282 0.001744
0.000354 0.002279
0.000470 0.003058
0.000620 0.003675
0.000868 0.004463
0.001174 0.005817
0.001972 0.009515
0.002009 0.010468
0.001556 0.009950
0.001505 0.007844
0.001153 0.005563
0.000834 0.004170
0.000819 0.004075
0.000646 0.003299
0.000360 0.001922
0.000156 0.000947
0.000136 0.000796
0.000068 0.000430
0.000026 0.000200
0.000038 0.000301
0.000053 0.000355
0.000082 0.000459
0.000200 0.000869
0.000262 0.001005
0.000446 0.001658
0.000554 0.002022
0.000503 0.002090
0.000436 0.002107
0.000280 0.001603
0.000250 0.001454
0.000259 0.001528
0.000260 0.001527
0.000287 0.001668
0.000368 0.002086
0.000450 0.002383
0.000534 0.002629
0.000558 0.002781
0.000538 0.002763
0.000516 0.002718
0.000457 0.002360
0.000381 0.001929
0.000388 0.001861
0.000396 0.001819
0.000360 0.001804
0.000335 0.001789
0.000311 0.001722
0.000295 0.001693
0.000281 0.001692
0.000275 0.001715
0.000262 0.001666
0.000264 0.001735
0.000270 0.001817
0.000282 0.001906
0.000257 0.001729
0.000269 0.001827
0.000259 0.001768
0.000270 0.001836
0.000242 0.001604
0.000246 0.001611
0.000231 0.001511
0.000268 0.001733
0.000200 0.001300
0.000216 0.001387
0.000197 0.001275
0.000230 0.001417
0.000167 0.001048
0.000170 0.001047
0.000182 0.001080
0.000099 0.000697
0.000129 0.000861
0.000113 0.000765
0.000107 0.000745
0.000115 0.000764
0.000095 0.000608
0.000109 0.000671
0.000144 0.000856
0.000150 0.000913
0.000172 0.001009
0.000163 0.000955
0.000222 0.001252
0.000231 0.001306
0.000241 0.001361
0.000246 0.001404
0.000303 0.001746
0.000322 0.001836
0.000357 0.002026
0.000361 0.002054
0.000388 0.002225
0.000397 0.002261
0.000440 0.002461
0.000426 0.002377
0.000455 0.002521
0.000473 0.002604
0.000479 0.002696
0.000480 0.002708
0.000446 0.002540
0.000423 0.002400
0.000378 0.002175
0.000366 0.002111
0.000344 0.001999
0.000342 0.002013
0.000336 0.001986
0.000339 0.002007
0.000300 0.001768
0.000323 0.001890
0.000302 0.001755
0.000312 0.001825
0.000274 0.001594
0.000282 0.001658
0.000263 0.001571
0.000303 0.001827
0.000223 0.001361
0.000241 0.001474
0.000222 0.001360
0.000249 0.001466
0.000175 0.001059
0.000168 0.001009
0.000172 0.001002
0.000085 0.000597
0.000111 0.000749
0.000098 0.000676
0.000093 0.000666
0.000106 0.000731
0.000086 0.000574
0.000095 0.000617
0.000124 0.000771
0.000127 0.000803
0.000141 0.000857
0.000134 0.000806
0.000177 0.001038
0.000183 0.001063
0.000187 0.001077
0.000198 0.001127
0.000246 0.001403
0.000271 0.001520
0.000303 0.001695
0.000318 0.001786
0.000362 0.002034
0.000383 0.002143
0.000427 0.002373
0.000407 0.002285
0.000431 0.002417
0.000442 0.002471
0.000440 0.002529
0.000422 0.002454
0.000390 0.002273
0.000377 0.002152
0.000337 0.001949
0.000316 0.001841
0.000294 0.001720
0.000296 0.001735
0.000293 0.001719
0.000294 0.001744
0.000259 0.001542
0.000280 0.001677
0.000260 0.001578
0.000276 0.001685
0.000244 0.001481
0.000250 0.001517
0.000231 0.001426
0.000268 0.001673
0.000208 0.001291
0.000228 0.001417
0.000215 0.001340
0.000251 0.001498
0.000185 0.001120
0.000181 0.001086
0.000186 0.001085
0.000092 0.000647
0.000119 0.000792
0.000104 0.000705
0.000097 0.000671
0.000106 0.000705
0.000088 0.000567
0.000099 0.000623
0.000124 0.000752
0.000122 0.000761
0.000121 0.000756
0.000108 0.000674
0.000134 0.000820
0.000135 0.000833
0.000133 0.000826
0.000141 0.000870
0.000156 0.000976
0.000183 0.001140
0.000201 0.001257
0.000211 0.001352
0.000212 0.001370
0.000221 0.001431
0.000232 0.001487
0.000233 0.001506
0.000196 0.001231
0.000241 0.001437
0.000231 0.001383
0.000242 0.001389
0.000174 0.001016
0.000153 0.000893
0.000128 0.000766
0.000130 0.000751
0.000096 0.000613
0.000081 0.000502
0.000075 0.000476
0.000081 0.000447
0.000104 0.000637
0.000171 0.000896
0.000161 0.000789
0.000193 0.000806
0.000288 0.000860
0.000211 0.000756
0.000232 0.000751
0.000226 0.000719
0.000181 0.000815
0.000647 0.001498
0.000285 0.001153
0.000460 0.002196
0.000616 0.003205
0.000060 0.000439
0.000010 0.000215
0.000013 0.000176
0.000204 0.000786
0.000561 0.002414
0.000281 0.000807
0.987717 0.936224
0.001164 0.001531
0.000027 0.000156
0.000157 0.000324
0.000093 0.000302
0.000154 0.000757
0.000125 0.001089
0.000284 0.001362
0.000040 0.001535
0.000227 0.000989
0.000058 0.000570
0.000035 0.000401
0.000122 0.002552
0.000041 0.000924
0.000100 0.001515
0.000246 0.003385
0.000401 0.007381
0.000442 0.003959
0.000313 0.003424
0.000179 0.002890
0.000090 0.001520
0.000106 0.001337
0.000094 0.001588
0.000040 0.000630
0.000026 0.000424
0.000017 0.000218
0.000029 0.000397
0.000018 0.000223
0.000013 0.000152
0.000013 0.000135
0.000018 0.000182
0.000014 0.000121
0.000015 0.000123
0.000018 0.000142
0.000021 0.000166
0.000021 0.000168
0.000023 0.000180
0.000037 0.000269
0.000049 0.000351
0.000046 0.000331
0.000052 0.000367
0.000059 0.000433
0.000069 0.000481
0.000057 0.000387
0.000058 0.000385
0.000068 0.000422
0.000047 0.000329
0.000063 0.000439
0.000058 0.000412
0.000072 0.000509
0.000074 0.000536
0.000066 0.000484
0.000070 0.000509
0.000092 0.000651
0.000095 0.000682
0.000101 0.000749
0.000101 0.000750
0.000126 0.000936
0.000128 0.000947
0.000112 0.000841
0.000107 0.000791
0.000111 0.000813
0.000123 0.000890
0.000133 0.000973
0.000144 0.001043
0.000161 0.001150
0.000173 0.001188
0.000193 0.001286
0.000181 0.001189
0.000191 0.001218
0.000195 0.001255
0.000192 0.001291
0.000189 0.001286
0.000179 0.001232
0.000175 0.001201
0.000157 0.001105
0.000144 0.001034
0.000130 0.000938
0.000126 0.000918
0.000122 0.000890
0.000121 0.000897
0.000107 0.000787
0.000115 0.000832
0.000108 0.000782
0.000115 0.000830
0.000100 0.000727
0.000104 0.000764
0.000096 0.000720
0.000109 0.000810
0.000085 0.000644
0.000089 0.000669
0.000083 0.000631
0.000091 0.000671
0.000070 0.000513
0.000072 0.000514
0.000074 0.000472
0.000042 0.000299
0.000055 0.000388
0.000050 0.000359
0.000062 0.000438
0.000069 0.000490
0.000061 0.000438
0.000067 0.000462
0.000089 0.000596
0.000092 0.000623
0.000096 0.000669
0.000090 0.000626
0.000109 0.000762
0.000113 0.000785
0.000113 0.000794
0.000120 0.000836
0.000132 0.000936
0.000145 0.001021
0.000157 0.001104
0.000163 0.001141
0.000175 0.001219
0.000184 0.001262
0.000201 0.001374
0.000188 0.001299
0.000200 0.001366
0.000210 0.001427
0.000219 0.001514
0.000213 0.001473
0.000200 0.001398
0.000190 0.001335
0.000164 0.001196
0.000150 0.001106
0.000142 0.001041
0.000151 0.001089
0.000160 0.001143
0.000165 0.001185
0.000137 0.001004
0.000138 0.001010
0.000123 0.000900
0.000126 0.000918
0.000109 0.000792
0.000115 0.000838
0.000104 0.000778
0.000115 0.000857
0.000088 0.000676
0.000088 0.000683
0.000077 0.000610
0.000080 0.000621
0.000059 0.000457
0.000060 0.000448
0.000060 0.000403
0.000034 0.000262
0.000046 0.000343
0.000043 0.000327
0.000055 0.000410
0.000062 0.000466
0.000053 0.000416
0.000055 0.000425
0.000070 0.000507
0.000067 0.000489
0.000066 0.000489
0.000061 0.000447
0.000075 0.000549
0.000078 0.000566
0.000081 0.000583
0.000089 0.000620
0.000100 0.000710
0.000113 0.000802
0.000129 0.000900
0.000139 0.000986
0.000160 0.001142
0.000181 0.001296
0.000200 0.001442
0.000185 0.001367
0.000208 0.001496
0.000255 0.001695
0.000274 0.001801
0.000299 0.001883
0.000277 0.001748
0.000266 0.001684
0.000210 0.001395
0.000174 0.001187
0.000140 0.001011
0.000132 0.000981
0.000144 0.001067
0.000176 0.001339
0.000170 0.001297
0.000226 0.001599
0.000263 0.001848
0.000345 0.002322
0.000382 0.002471
0.000251 0.001806
0.000180 0.001357
0.000143 0.001186
0.000091 0.000789
0.000088 0.000766
0.000087 0.000744
0.000103 0.000834
0.000072 0.000576
0.000067 0.000530
0.000065 0.000445
0.000035 0.000261
0.000045 0.000329
0.000041 0.000295
0.000052 0.000366
0.000060 0.000411
0.000054 0.000375
0.000059 0.000410
0.000080 0.000543
0.000085 0.000594
0.000095 0.000681
0.000094 0.000685
0.000118 0.000873
0.000118 0.000884
0.000112 0.000859
0.000111 0.000855
0.000118 0.000917
0.000127 0.000977
0.000146 0.001091
0.000158 0.001179
0.000172 0.001275
0.000177 0.001289
0.000189 0.001364
0.000175 0.001259
0.000185 0.001310
0.000190 0.001323
0.000190 0.001370
0.000185 0.001351
0.000175 0.001282
0.000171 0.001239
0.000156 0.001145
0.000150 0.001106
0.000137 0.001024
0.000139 0.001035
0.000136 0.001008
0.000139 0.001039
0.000121 0.000911
0.000131 0.000979
0.000122 0.000917
0.000132 0.000983
0.000116 0.000862
0.000120 0.000900
0.000111 0.000844
0.000126 0.000958
0.000099 0.000768
0.000103 0.000800
0.000096 0.000763
0.000102 0.000793
0.000076 0.000592
0.000075 0.000575
0.000076 0.000519
0.000043 0.000328
0.000055 0.000418
0.000049 0.000384
0.000059 0.000459
0.000063 0.000498
0.000054 0.000428
0.000057 0.000440
0.000075 0.000556
0.000077 0.000572
0.000081 0.000609
0.000076 0.000566
0.000094 0.000694
0.000097 0.000707
0.000098 0.000722
0.000104 0.000759
0.000117 0.000867
0.000130 0.000950
0.000143 0.001038
0.000150 0.001080
0.000163 0.001171
0.000175 0.001228
0.000193 0.001342
0.000182 0.001273
0.000197 0.001359
0.000201 0.001395
0.000204 0.001449
0.000200 0.001425
0.000187 0.001357
0.000174 0.001262
0.000150 0.001118
0.000139 0.001061
0.000129 0.001005
0.000128 0.001007
0.000123 0.000961
0.000126 0.000996
0.000112 0.000895
0.000117 0.000944
0.000102 0.000827
0.000105 0.000837
0.000092 0.000724
0.000096 0.000744
0.000089 0.000708
0.000105 0.000828
0.000086 0.000681
0.000095 0.000735
0.000089 0.000688
0.000096 0.000719
0.000071 0.000533
0.000074 0.000531
0.000076 0.000489
0.000045 0.000324
0.000058 0.000420
0.000054 0.000405
0.000068 0.000496
0.000074 0.000548
0.000062 0.000467
0.000068 0.000496
0.000090 0.000654
0.000094 0.000697
0.000098 0.000746
0.000092 0.000718
0.000121 0.000944
0.000126 0.000992
0.000125 0.000979
0.000113 0.000891
0.000111 0.000880
0.000116 0.000877
0.000129 0.000957
0.000134 0.000994
0.000147 0.001101
0.000162 0.001190
0.000178 0.001289
0.000168 0.001197
0.000177 0.001232
0.000179 0.001236
0.000180 0.001296
0.000171 0.001272
0.000163 0.001231
0.000164 0.001222
0.000155 0.001166
0.000155 0.001150
0.000145 0.001074
0.000150 0.001097
0.000147 0.001063
0.000146 0.001067
0.000124 0.000908
0.000125 0.000917
0.000112 0.000831
0.000113 0.000854
0.000103 0.000772
0.000109 0.000834
0.000108 0.000833
0.000136 0.001025
0.000119 0.000894
0.000131 0.000986
0.000124 0.000960
0.000132 0.000998
0.000097 0.000739
0.000099 0.000741
0.000100 0.000670
0.000060 0.000441
0.000076 0.000544
0.000068 0.000502
0.000083 0.000604
0.000090 0.000660
0.000078 0.000573
0.000085 0.000599
0.000108 0.000738
0.000109 0.000743
0.000112 0.000780
0.000104 0.000718
0.000124 0.000861
0.000124 0.000868
0.000124 0.000877
0.000128 0.000908
0.000142 0.001018
0.000158 0.001134
0.000174 0.001242
0.000180 0.001287
0.000196 0.001417
0.000202 0.001484
0.000218 0.001586
0.000205 0.001500
0.000224 0.001606
0.000258 0.001754
0.000275 0.001870
0.000283 0.001890
0.000258 0.001734
0.000243 0.001636
0.000189 0.001349
0.000155 0.001161
0.000126 0.000999
0.000123 0.000988
0.000138 0.001072
0.000181 0.001386
0.000182 0.001326
0.000222 0.001536
0.000220 0.001530
0.000248 0.001688
0.000236 0.001559
0.000194 0.001330
0.000162 0.001148
0.000154 0.001154
0.000106 0.000825
0.000105 0.000850
0.000106 0.000857
0.000119 0.000922
0.000085 0.000648
0.000079 0.000600
0.000074 0.000508
0.000044 0.000324
0.000058 0.000423
0.000051 0.000381
0.000065 0.000471
0.000078 0.000552
0.000075 0.000553
0.000084 0.000612
0.000111 0.000784
0.000114 0.000806
0.000113 0.000817
0.000100 0.000734
0.000121 0.000890
0.000123 0.000909
0.000121 0.000901
0.000122 0.000908
0.000135 0.001007
0.000144 0.001046
0.000157 0.001123
0.000164 0.001150
0.000177 0.001231
0.000190 0.001291
0.000214 0.001459
0.000201 0.001402
0.000203 0.001426
0.000211 0.001481
0.000199 0.001442
0.000189 0.001384
0.000175 0.001280
0.000171 0.001255
0.000162 0.001190
0.000156 0.001152
0.000137 0.001017
0.000141 0.001030
0.000133 0.000975
0.000140 0.001028
0.000117 0.000860
0.000123 0.000903
0.000115 0.000863
0.000130 0.000991
0.000088 0.000662
0.000092 0.000709
0.000080 0.000639
0.000080 0.000631
0.000051 0.000409
0.000048 0.000397
0.000040 0.000334
0.000047 0.000359
0.000028 0.000244
0.000030 0.000241
0.000032 0.000237
0.000009 0.000059
0.000013 0.000104
0.000010 0.000098
0.000013 0.000113
0.000006 0.000062
0.000014 0.000107
0.000019 0.000163
0.000017 0.000128
0.000025 0.000122
0.000033 0.000137
0.000050 0.000172
0.000074 0.000220
0.000042 0.000226
0.000054 0.000514
0.000006 0.000046
0.000007 0.000140
0.000005 0.000075
0.000050 0.000816
0.000202 0.001524
0.000131 0.001078
0.978259 0.877462
0.000987 0.000757
0.000001 0.000029
0.000011 0.000046
0.000004 0.000021
0.000030 0.000074
0.000004 0.000022
0.000008 0.000033
0.000001 0.000014
0.000006 0.000023
0.000005 0.000022
0.000007 0.000039
0.000025 0.000182
0.000013 0.000084
0.000011 0.000036
0.000062 0.000188
0.000040 0.000112
0.000056 0.000140
0.000017 0.000073
0.000005 0.000040
0.000002 0.000054
0.000006 0.000096
0.000008 0.000213
0.000033 0.000971
0.000026 0.000256
0.968710 0.840946
0.009959 0.010990
0.000040 0.000442
0.000034 0.000190
0.000014 0.000088
0.000122 0.000491
0.000076 0.000551
0.000044 0.000237
0.000062 0.000431
0.000080 0.000373
0.000056 0.000355
0.000057 0.000388
0.000179 0.001335
0.000039 0.000756
0.000073 0.001497
0.000085 0.001519
0.000110 0.002528
0.000093 0.001084
0.000065 0.000712
0.000052 0.000554
0.000046 0.000456
0.000048 0.000442
0.000048 0.000459
0.000038 0.000331
0.000034 0.000292
0.000030 0.000251
0.000040 0.000334
0.000038 0.000309
0.000034 0.000266
0.000040 0.000300
0.000050 0.000373
0.000049 0.000359
0.000050 0.000360
0.000066 0.000458
0.000061 0.000445
0.000063 0.000466
0.000056 0.000422
0.000080 0.000599
0.000084 0.000623
0.000092 0.000686
0.000088 0.000649
0.000110 0.000829
0.000112 0.000836
0.000114 0.000864
0.000096 0.000730
0.000106 0.000802
0.000099 0.000754
0.000118 0.000893
0.000096 0.000740
0.000104 0.000807
0.000098 0.000764
0.000107 0.000794
0.000079 0.000590
0.000078 0.000573
0.000080 0.000525
0.000047 0.000341
0.000060 0.000433
0.000050 0.000379
0.000062 0.000470
0.000067 0.000508
0.000055 0.000433
0.000055 0.000419
0.000070 0.000526
0.000074 0.000564
0.000084 0.000644
0.000086 0.000644
0.000109 0.000831
0.000123 0.000924
0.000133 0.000979
0.000140 0.001025
0.000132 0.001007
0.000126 0.000980
0.000132 0.001001
0.000142 0.001042
0.000159 0.001192
0.000174 0.001306
0.000195 0.001465
0.000185 0.001380
0.000206 0.001443
0.000238 0.001548
0.000253 0.001628
0.000263 0.001691
0.000231 0.001539
0.000213 0.001464
0.000169 0.001229
0.000144 0.001096
0.000120 0.000968
0.000113 0.000941
0.000123 0.000996
0.000152 0.001210
0.000145 0.001128
0.000190 0.001350
0.000206 0.001443
0.000257 0.001750
0.000261 0.001723
0.000186 0.001313
0.000144 0.001053
0.000129 0.001034
0.000091 0.000745
0.000092 0.000775
0.000100 0.000821
0.000115 0.000880
0.000080 0.000606
0.000073 0.000557
0.000071 0.000483
0.000042 0.000310
0.000053 0.000387
0.000047 0.000345
0.000059 0.000421
0.000067 0.000480
0.000062 0.000451
0.000068 0.000490
0.000089 0.000615
0.000093 0.000651
0.000093 0.000680
0.000088 0.000648
0.000101 0.000754
0.000100 0.000759
0.000095 0.000735
0.000095 0.000736
0.000091 0.000720
0.000102 0.000789
0.000105 0.000812
0.000111 0.000851
0.000104 0.000797
0.000112 0.000844
0.000119 0.000897
0.000119 0.000923
0.000083 0.000634
0.000086 0.000670
0.000080 0.000637
0.000079 0.000620
0.000048 0.000377
0.000047 0.000369
0.000041 0.000314
0.000043 0.000315
0.000025 0.000211
0.000024 0.000197
0.000025 0.000199
0.000031 0.000208
0.000034 0.000295
0.000030 0.000303
0.000028 0.000278
0.000013 0.000139
0.000029 0.000234
0.000042 0.000356
0.000035 0.000265
0.000048 0.000235
0.000051 0.000208
0.000095 0.000294
0.000113 0.000321
0.000060 0.000309
0.000066 0.000633
0.000008 0.000061
0.000009 0.000184
0.000002 0.000036
0.000031 0.000480
0.000136 0.000998
0.000097 0.000826
0.979123 0.882104
0.001428 0.001240
0.000002 0.000073
0.000037 0.000140
0.000010 0.000065
0.000097 0.000240
0.000018 0.000074
0.000040 0.000104
0.000005 0.000054
0.000031 0.000085
0.000017 0.000088
0.000032 0.000244
0.000106 0.000819
0.000079 0.000562
0.000209 0.001424
0.000272 0.002110
0.000395 0.002539
0.000304 0.000979
0.000281 0.001005
0.000229 0.001092
0.000147 0.000599
0.000241 0.001042
0.000417 0.001755
0.000380 0.001532
0.000328 0.001268
0.000253 0.000943
0.000377 0.001515
0.000298 0.001152
0.000244 0.000838
0.000173 0.000580
0.000124 0.000437
0.000053 0.000207
0.000032 0.000141
0.000022 0.000111
0.000013 0.000069
0.000008 0.000045
0.000009 0.000053
0.000012 0.000073
0.000019 0.000114
0.000022 0.000117
0.000045 0.000177
0.000064 0.000237
0.000114 0.000392
0.000137 0.000396
0.000162 0.000472
0.000221 0.000550
0.000172 0.000426
0.000222 0.000626
0.000203 0.000635
0.000193 0.000625
0.000176 0.000582
0.000124 0.000430
0.000111 0.000386
0.000136 0.000469
0.000141 0.000478
0.000172 0.000571
0.000224 0.000752
0.000348 0.001176
0.000456 0.001432
0.000690 0.001942
0.001189 0.003055
0.002063 0.004881
0.002805 0.006348
0.003277 0.007739
0.002896 0.007277
0.002816 0.007342
0.002190 0.006010
0.001484 0.004597
0.001057 0.003286
0.000718 0.002311
0.000693 0.002331
0.000742 0.002862
0.001017 0.004792
0.001690 0.006383
0.005748 0.010899
0.011490 0.014703
0.005706 0.008815
0.001462 0.003039
0.000667 0.001523
0.000391 0.000907
0.000273 0.000836
0.000196 0.000677
0.000174 0.000677
0.000758 0.001995
0.002245 0.004435
0.013117 0.016300
0.001510 0.003860
0.000725 0.002594
0.000438 0.001735
0.000242 0.001118
0.000176 0.000635
0.000090 0.000419
0.000135 0.000598
0.000079 0.000318
0.000111 0.000390
0.000113 0.000379
0.000090 0.000309
0.000109 0.000397
0.000098 0.000376
0.000115 0.000491
0.000149 0.000640
0.000114 0.000545
0.000152 0.000617
0.000226 0.000824
0.000279 0.000962
0.000270 0.000937
0.000223 0.000801
0.000275 0.000921
0.000267 0.000862
0.000300 0.000903
0.000250 0.000769
0.000252 0.000828
0.000283 0.000915
0.000233 0.000820
0.000246 0.000853
0.000226 0.000855
0.000283 0.001096
0.000362 0.001362
0.000424 0.001643
0.000519 0.001980
0.000587 0.002196
0.000656 0.002265
0.000519 0.001743
0.000503 0.001647
0.000417 0.001403
0.000284 0.001117
0.000254 0.001014
0.000237 0.001063
0.000284 0.001274
0.000346 0.001530
0.000584 0.002348
0.000801 0.002820
0.001769 0.004978
0.002718 0.006741
0.003544 0.008548
0.002924 0.007388
0.001388 0.004060
0.001004 0.002969
0.000834 0.002551
0.000579 0.001897
0.000488 0.001755
0.000356 0.001478
0.000372 0.001608
0.000220 0.000983
0.000222 0.000967
0.000218 0.000913
0.000088 0.000394
0.000109 0.000450
0.000098 0.000380
0.000122 0.000443
0.000119 0.000424
0.000103 0.000383
0.000109 0.000389
0.000152 0.000520
0.000159 0.000520
0.000152 0.000534
0.000128 0.000462
0.000166 0.000599
0.000173 0.000608
0.000167 0.000575
0.000180 0.000611
0.000198 0.000713
0.000203 0.000730
0.000208 0.000769
0.000195 0.000759
0.000202 0.000822
0.000216 0.000882
0.000275 0.001082
0.000303 0.001169
0.000407 0.001433
0.000444 0.001445
0.000434 0.001393
0.000369 0.001236
0.000348 0.001160
0.000303 0.001045
0.000236 0.000894
0.000244 0.000976
0.000265 0.001109
0.000356 0.001549
0.000429 0.001969
0.000545 0.002480
0.000694 0.002825
0.001010 0.003729
0.001122 0.004029
0.001079 0.003954
0.000931 0.003443
0.000846 0.003176
0.000951 0.003394
0.001022 0.003555
0.000794 0.002654
0.000725 0.002067
0.000504 0.001305
0.000540 0.001185
0.000342 0.000779
0.000351 0.000832
0.000301 0.000777
0.000107 0.000376
0.000117 0.000497
0.000117 0.000592
0.000225 0.001110
0.000336 0.001665
0.000579 0.002216
0.001257 0.003596
0.002193 0.005557
0.001861 0.004811
0.001026 0.002920
0.000610 0.001744
0.000546 0.001574
0.000474 0.001310
0.000444 0.001228
0.000484 0.001427
0.000592 0.001963
0.000509 0.002049
0.000591 0.002541
0.000536 0.002565
0.000650 0.003130
0.000698 0.003212
0.000718 0.003165
0.000601 0.002488
0.000680 0.002536
0.000706 0.002542
0.000595 0.002236
0.000511 0.002009
0.000506 0.001895
0.000585 0.002111
0.000640 0.002280
0.000778 0.002692
0.000606 0.002291
0.000578 0.002281
0.000393 0.001732
0.000365 0.001672
0.000240 0.001204
0.000240 0.001225
0.000192 0.000978
0.000173 0.000871
0.000202 0.000894
0.000243 0.000966
0.000327 0.001078
0.000446 0.001359
0.000513 0.001482
0.000561 0.001686
0.000484 0.001768
0.000449 0.001953
0.000323 0.001665
0.000316 0.001872
0.000348 0.002084
0.000201 0.001489
0.000274 0.001853
0.000331 0.001876
0.000530 0.002451
0.000506 0.002194
0.000304 0.001425
0.000248 0.001184
0.000219 0.001114
0.000153 0.000844
0.000129 0.000722
0.000113 0.000633
0.000161 0.000849
0.000188 0.000955
0.000212 0.001047
0.000234 0.001180
0.000274 0.001457
0.000309 0.001644
0.000353 0.001814
0.000428 0.002092
0.000377 0.001937
0.000412 0.002013
0.000527 0.002375
0.000530 0.002336
0.000534 0.002278
0.000537 0.002301
0.000472 0.002125
0.000380 0.001792
0.000353 0.001631
0.000249 0.001181
0.000173 0.000872
0.000168 0.000835
0.000228 0.001058
0.000281 0.001241
0.000285 0.001205
0.000249 0.001012
0.000163 0.000656
0.000113 0.000516
0.000063 0.000377
0.000040 0.000319
0.000038 0.000329
0.000054 0.000412
0.000137 0.000887
0.000219 0.001471
0.000105 0.000930
0.000072 0.000666
0.000064 0.000519
0.000103 0.000705
0.000085 0.000557
0.000062 0.000435
0.000069 0.000398
0.000066 0.000366
0.000081 0.000452
0.000048 0.000346
0.000040 0.000337
0.000030 0.000236
0.000064 0.000445
0.000062 0.000488
0.000076 0.000663
0.000040 0.000383
0.000065 0.000641
0.000093 0.000832
0.000239 0.001896
0.000338 0.002671
0.000396 0.003362
0.000382 0.002693
0.000348 0.001927
0.000111 0.000632
0.000069 0.000400
0.000014 0.000117
0.000005 0.000055
0.000004 0.000035
0.000007 0.000068
0.000021 0.000150
0.000054 0.000335
0.000113 0.000533
0.000204 0.000770
0.000152 0.000581
0.000030 0.000183
0.000011 0.000098
0.000004 0.000050
0.000001 0.000020
0.000000 0.000007
0.000002 0.000014
0.000005 0.000027
0.000010 0.000039
0.000013 0.000037
0.000010 0.000031
0.000018 0.000060
0.000009 0.000073
0.000002 0.000028
0.000002 0.000030
0.000000 0.000005
0.000001 0.000022
0.000002 0.000023
0.000013 0.000084
0.000047 0.000253
0.000087 0.000445
0.913397 0.727085
0.001562 0.005827
0.000098 0.001850
0.000223 0.001584
0.000788 0.003489
0.001640 0.009182
0.005341 0.027183
0.044601 0.290447
0.355864 0.498540
0.205985 0.500602
0.035041 0.439912
0.017557 0.157519
0.007598 0.100817
0.001958 0.031244
0.000587 0.006835
0.000435 0.005511
0.000341 0.007503
0.000434 0.007512
0.000222 0.004859
0.000205 0.005856
0.000106 0.003506
0.000082 0.003683
0.000045 0.002570
0.000044 0.001954
0.000059 0.002027
0.000068 0.001614
0.000030 0.000748
0.000013 0.000335
0.000012 0.000279
0.000014 0.000327
0.000009 0.000241
0.000005 0.000147
0.000003 0.000103
0.000004 0.000156
0.000004 0.000231
0.000006 0.000315
0.000009 0.000374
0.000027 0.000659
0.000185 0.001866
0.000622 0.004463
0.000809 0.006196
0.000510 0.004633
0.000448 0.003394
0.000402 0.003129
0.000315 0.003096
0.000209 0.002383
0.000170 0.001855
0.000204 0.001857
0.000149 0.001407
0.000114 0.000930
0.000114 0.000768
0.000234 0.001403
0.000258 0.001520
0.000449 0.002104
0.000790 0.003782
0.001082 0.006179
0.001266 0.008436
0.001175 0.008747
0.000957 0.008550
0.000959 0.009004
0.000732 0.007165
0.000324 0.004044
0.000185 0.003124
0.000137 0.002983
0.000160 0.003254
0.000206 0.004364
0.000271 0.005409
0.000490 0.007390
0.001166 0.011643
0.001284 0.012457
0.000602 0.007699
0.000413 0.005250
0.000259 0.003555
0.000238 0.003104
0.000194 0.002632
0.000200 0.002733
0.000430 0.004371
0.000840 0.005506
0.001557 0.007900
0.001685 0.008162
0.001239 0.006107
0.000740 0.003854
0.000570 0.003186
0.000578 0.003802
0.000446 0.003472
0.000362 0.003116
0.000458 0.003918
0.000767 0.004791
0.000548 0.003566
0.000396 0.003151
0.000315 0.003210
0.001324 0.009762
0.001386 0.010323
0.000535 0.005069
0.000225 0.002500
0.000134 0.001946
0.000075 0.001270
0.000074 0.001229
0.000069 0.001365
0.000140 0.002100
0.000274 0.002703
0.000616 0.003949
0.001701 0.006889
0.000946 0.004416
0.000160 0.001174
0.000045 0.000391
0.000038 0.000219
0.000027 0.000131
0.000013 0.000080
0.000017 0.000136
0.000034 0.000311
0.000075 0.000677
0.000232 0.001757
0.000852 0.004119
0.004023 0.013483
0.002550 0.014416
0.001018 0.008470
0.001280 0.009444
0.000666 0.005106
0.000430 0.002741
0.000431 0.002282
0.000831 0.003610
0.000935 0.004670
0.000811 0.005546
0.000942 0.008160
0.001241 0.012018
0.001970 0.017568
0.003751 0.032449
0.005814 0.044810
0.006941 0.045750
0.004505 0.029611
0.002818 0.020691
0.001009 0.008175
0.000385 0.003592
0.000191 0.001987
0.000115 0.001236
0.000068 0.000706
0.000053 0.000496
0.000060 0.000474
0.000071 0.000536
0.000088 0.000671
0.000101 0.000815
0.000275 0.001631
0.000382 0.002333
0.000251 0.002155
0.000320 0.003218
0.000436 0.004727
0.000780 0.008437
0.000961 0.009409
0.001282 0.009540
0.001612 0.008533
0.002205 0.009640
0.001902 0.008324
0.001372 0.006984
0.000859 0.005213
0.000264 0.002021
0.000127 0.001313
0.000110 0.001469
0.000125 0.001682
0.000088 0.001127
0.000085 0.001152
0.000152 0.002016
0.000245 0.003067
0.000364 0.003960
0.000820 0.005329
0.008494 0.025211
0.010465 0.033834
0.000629 0.003953
0.000124 0.000935
0.000127 0.001174
0.000084 0.001025
0.000036 0.000531
0.000056 0.000639
0.001158 0.005064
0.014099 0.031482
0.003434 0.014927
0.000587 0.004171
0.000177 0.001381
0.000231 0.001506
0.000156 0.000984
0.000054 0.000484
0.000035 0.000451
0.000031 0.000279
0.000099 0.000543
0.000107 0.000689
0.000082 0.000676
0.000146 0.001050
0.000110 0.001024
0.004058 0.007074
0.000466 0.001473
0.000055 0.000530
0.000053 0.000453
0.000079 0.000565
0.000066 0.000460
0.000024 0.000217
0.000037 0.000436
0.000071 0.000664
0.000765 0.003433
0.001860 0.006110
0.000804 0.003125
0.000504 0.002088
0.000154 0.000768
0.000088 0.000542
0.000078 0.000427
0.000094 0.000536
0.000105 0.000493
0.000254 0.000974
0.000385 0.001565
0.000132 0.000738
0.000040 0.000320
0.000026 0.000193
0.000035 0.000298
0.000073 0.000769
0.000083 0.000845
0.000212 0.001282
0.001493 0.004777
0.005515 0.013640
0.002117 0.006630
0.000852 0.003454
0.000328 0.002163
0.000210 0.001790
0.000176 0.001797
0.000217 0.002647
0.000212 0.003259
0.000217 0.002921
0.000409 0.002992
0.000554 0.002871
0.000330 0.001998
0.000219 0.001285
0.000109 0.000717
0.000120 0.000852
0.000189 0.001193
0.000228 0.001623
0.000314 0.002157
0.000377 0.002492
0.000518 0.002847
0.000340 0.002304
0.000176 0.001820
0.000054 0.000905
0.000021 0.000539
0.000045 0.000784
0.000150 0.001701
0.000195 0.001801
0.000338 0.002158
0.001017 0.004861
0.001613 0.009322
0.000819 0.005948
0.000181 0.001902
0.000152 0.001655
0.000044 0.000540
0.000046 0.000633
0.000029 0.000754
0.000088 0.001833
0.000078 0.001566
0.000236 0.001711
0.005957 0.013730
0.018560 0.027415
0.008658 0.025200
0.007302 0.021702
0.002677 0.015638
0.001137 0.010673
0.001863 0.018181
0.000510 0.009971
0.000564 0.008490
0.001661 0.011723
0.001493 0.010251
0.000726 0.005607
0.000923 0.007191
0.001851 0.008804
0.001035 0.006182
0.000311 0.001988
0.000740 0.003313
0.000271 0.001270
0.000034 0.000245
0.000017 0.000100
0.000009 0.000056
0.000021 0.000134
0.000024 0.000196
0.000088 0.000496
0.000390 0.001499
0.000381 0.001970
0.000511 0.002140
0.000125 0.000885
0.000152 0.001024
0.000057 0.000472
0.000104 0.000658
0.000555 0.002501
0.000575 0.002693
0.000164 0.000946
0.000244 0.001026
0.000132 0.000698
0.000023 0.000225
0.000024 0.000174
0.000009 0.000067
0.000012 0.000082
0.000022 0.000158
0.000029 0.000232
0.000045 0.000328
0.000164 0.000847
0.000361 0.001805
0.000539 0.002048
0.000614 0.002281
0.000534 0.001969
0.000217 0.000879
0.000191 0.000886
0.000074 0.000426
0.000056 0.000321
0.000142 0.000710
0.000202 0.001356
0.000223 0.001770
0.000428 0.002853
0.001167 0.003983
0.005077 0.009858
0.001312 0.003257
0.000251 0.001137
0.000163 0.000773
0.000114 0.000652
0.000079 0.000587
0.000059 0.000501
0.000068 0.000692
0.000084 0.000837
0.000116 0.001045
0.000251 0.001996
0.000516 0.003843
0.001014 0.007160
0.000830 0.005643
0.001893 0.007673
0.003997 0.013468
0.005076 0.020423
0.003208 0.013150
0.001784 0.007330
0.001902 0.006987
0.005382 0.016056
0.006406 0.017563
0.000632 0.003090
0.000333 0.001730
0.000461 0.002205
0.000290 0.001767
0.000069 0.000633
0.000026 0.000323
0.000015 0.000244
0.000011 0.000190
0.000016 0.000290
0.000020 0.000357
0.000049 0.000635
0.000071 0.000777
0.000105 0.000567
0.000443 0.001716
0.000792 0.003224
0.000310 0.001775
0.000062 0.000499
0.000040 0.000285
0.000021 0.000215
0.000006 0.000075
0.000003 0.000050
0.000005 0.000057
0.000011 0.000108
0.000012 0.000117
0.000017 0.000185
0.000028 0.000331
0.000011 0.000161
0.000014 0.000292
0.000071 0.000733
0.000073 0.000639
0.000098 0.000865
0.000047 0.000329
0.946370 0.854478
0.001847 0.001306
0.000105 0.000544
0.000475 0.001445
0.000736 0.004048
0.000322 0.002558
0.000032 0.000820
0.000028 0.000332
0.000148 0.002543
0.001033 0.002277
0.002752 0.005310
0.000405 0.002192
0.000347 0.004169
0.000050 0.000702
0.000037 0.000448
0.000019 0.000509
0.000040 0.000894
0.000038 0.000443
0.000136 0.000917
0.000318 0.001413
0.000226 0.001288
0.000078 0.000627
0.000032 0.000239
0.000049 0.000255
0.000017 0.000147
0.000008 0.000077
0.000010 0.000064
0.000029 0.000096
0.000049 0.000168
0.000012 0.000062
0.000003 0.000024
0.000003 0.000028
0.000006 0.000061
0.000011 0.000125
0.000020 0.000172
0.000014 0.000125
0.000035 0.000161
0.000055 0.000184
0.000051 0.000194
0.000025 0.000161
0.000020 0.000188
0.000012 0.000130
0.000014 0.000129
0.000013 0.000114
0.000010 0.000102
0.000010 0.000082
0.000019 0.000216
0.000011 0.000127
0.000006 0.000057
0.000002 0.000059
0.000014 0.000126
0.000033 0.000425
0.000029 0.000511
0.000013 0.000209
0.845978 0.618726
0.000230 0.000216
0.000006 0.000046
0.000012 0.000094
0.000005 0.000100
0.000028 0.000233
0.000007 0.000118
0.000006 0.000067
0.000005 0.000105
0.000017 0.000106
0.000005 0.000049
0.000009 0.000114
0.000058 0.000810
0.000061 0.000767
0.000101 0.001139
0.000099 0.001297
0.000048 0.000878
0.000037 0.000494
0.000028 0.000403
0.000049 0.000483
0.000029 0.000244
0.000062 0.000519
0.000238 0.001137
0.000756 0.002388
0.000581 0.001917
0.000133 0.000675
0.000064 0.000361
0.000023 0.000131
0.000007 0.000065
0.000007 0.000066
0.000008 0.000090
0.000011 0.000122
0.000018 0.000144
0.000012 0.000097
0.000016 0.000095
0.000013 0.000090
0.000018 0.000134
0.000023 0.000180
0.000045 0.000312
0.000038 0.000329
0.000048 0.000398
0.000011 0.000100
0.000013 0.000265
0.000030 0.000471
0.000060 0.001134
0.000086 0.001599
0.000046 0.000748
0.533721 0.349714
0.001190 0.002528
0.000160 0.001511
0.000264 0.001942
0.000111 0.001217
0.000086 0.000862
0.000057 0.000717
0.000119 0.000902
0.000185 0.001829
0.000318 0.001533
0.000253 0.001392
0.000279 0.002134
0.000416 0.004353
0.000139 0.002560
0.000069 0.001543
0.000061 0.001644
0.000064 0.001753
0.000098 0.002278
0.000116 0.002852
0.000243 0.003768
0.000526 0.005096
0.000648 0.005616
0.001615 0.014771
0.001684 0.019422
0.001594 0.018481
0.000648 0.007896
0.000292 0.003755
0.000084 0.001523
0.000035 0.000940
0.000066 0.001532
0.000104 0.002159
0.000071 0.001914
0.000099 0.002087
0.000174 0.003525
0.000297 0.004315
0.000379 0.004397
0.000561 0.003645
0.000689 0.003936
0.000738 0.003540
0.000348 0.001767
0.000171 0.000882
0.000194 0.000882
0.000087 0.000526
0.000099 0.000509
0.000091 0.000501
0.000193 0.000789
0.000105 0.000514
0.000062 0.000328
0.000029 0.000167
0.000023 0.000179
0.000035 0.000248
0.000044 0.000311
0.000052 0.000577
0.000038 0.000633
0.000048 0.000745
0.000063 0.000719
0.000034 0.000514
0.000018 0.000280
0.000014 0.000209
0.000018 0.000267
0.000070 0.000878
0.000494 0.002987
0.001901 0.014587
0.005948 0.024302
0.033639 0.056389
0.014133 0.023447
0.019418 0.028068
0.006601 0.020434
0.010987 0.045467
0.003546 0.025493
0.004425 0.025533
0.003309 0.012899
0.007330 0.022619
0.010702 0.029601
0.022993 0.070236
0.012013 0.049704
0.003213 0.038796
0.000609 0.013218
0.000393 0.012783
0.000407 0.009799
0.000786 0.011050
0.001562 0.010387
0.002722 0.012990
0.003160 0.015667
0.001263 0.010629
0.000377 0.004848
0.000174 0.003189
0.000193 0.003548
0.000182 0.002865
0.000113 0.001998
0.000048 0.000910
0.000018 0.000409
0.000019 0.000417
0.000021 0.000398
0.000023 0.000353
0.000044 0.000490
0.000083 0.000795
0.000095 0.001014
0.000083 0.001150
0.000076 0.001244
0.000051 0.001047
0.000030 0.000778
0.000029 0.000505
0.000050 0.000873
0.000082 0.000870
0.000030 0.000544
0.000042 0.001347
0.000290 0.002977
0.000450 0.004221
0.000712 0.006076
0.000216 0.001922
0.756052 0.343299
0.000077 0.000415
0.000006 0.000177
0.000014 0.000262
0.000007 0.000216
0.000011 0.000225
0.000021 0.000492
0.000021 0.000508
0.000021 0.000682
0.000032 0.000600
0.000017 0.000394
0.000031 0.000675
0.000085 0.002225
0.000092 0.002258
0.000124 0.002789
0.000335 0.008503
0.000535 0.011825
0.000533 0.012170
0.001314 0.016473
0.006292 0.040577
0.014841 0.070487
0.027879 0.099967
0.033038 0.090541
0.034660 0.082859
0.045398 0.103454
0.039967 0.075499
0.028457 0.053013
0.015295 0.039582
0.014781 0.046344
0.019730 0.062280
0.022413 0.062771
0.015658 0.044800
0.011410 0.030953
0.011942 0.035644
0.009812 0.026629
0.006835 0.018537
0.002557 0.012177
0.000319 0.004020
0.000110 0.002145
0.000075 0.002188
0.000110 0.004963
0.000748 0.029549
0.006153 0.077547
0.008173 0.086873
0.013447 0.071415
0.011574 0.044899
0.011182 0.040932
0.012977 0.042953
0.017871 0.033689
0.031832 0.042181
0.043391 0.087182
0.041201 0.113380
0.030245 0.075030
0.031943 0.091348
0.033525 0.121846
0.044324 0.175215
0.041671 0.207035
0.038063 0.202495
0.037923 0.203511
0.036925 0.173763
0.023473 0.147594
0.011307 0.105420
0.003343 0.044493
0.001370 0.020083
0.000641 0.008478
0.000352 0.007443
0.000259 0.006142
0.000165 0.003086
0.000123 0.001589
0.000090 0.001026
0.000057 0.000730
0.000053 0.000801
0.000029 0.000632
0.000017 0.000418
0.000012 0.000296
0.000014 0.000337
0.000021 0.000503
0.000045 0.000862
0.000081 0.001390
0.000104 0.001615
0.000156 0.001755
0.000226 0.001819
0.000196 0.001264
0.000181 0.001049
0.000155 0.000768
0.000115 0.000543
0.000049 0.000219
0.000025 0.000127
0.000017 0.000108
0.000011 0.000087
0.000010 0.000083
0.000013 0.000084
0.000015 0.000078
0.000018 0.000110
0.000031 0.000195
0.000070 0.000384
0.000105 0.000578
0.000226 0.001061
0.000225 0.001005
0.000382 0.001412
0.000503 0.002056
0.001051 0.005404
0.000785 0.007787
0.000515 0.006491
0.000482 0.005469
0.000675 0.007035
0.000468 0.007631
0.000630 0.007605
0.000956 0.011108
0.002407 0.018756
0.003405 0.023318
0.006509 0.029577
0.008313 0.033790
0.008855 0.034849
0.008385 0.039614
0.016632 0.044643
0.038938 0.062495
0.052533 0.100184
0.076972 0.125660
0.127247 0.185877
0.078684 0.115339
0.059537 0.115995
0.031091 0.047692
0.014238 0.033504
0.011410 0.021146
0.003679 0.013463
0.002103 0.009586
0.001249 0.007836
0.000787 0.007059
0.001228 0.013891
0.000432 0.008872
0.000622 0.009047
0.000847 0.008240
0.002685 0.020891
0.003520 0.021967
0.009227 0.017859
0.023349 0.018713
0.028918 0.019037
0.007502 0.008387
0.001953 0.005936
0.000477 0.003739
0.000683 0.009598
0.000995 0.026639
0.002262 0.079808
0.006240 0.611239
0.973649 0.955411
0.297895 0.961864
0.013467 0.959168
0.003204 0.514224
0.000717 0.047291
0.000268 0.007257
0.000193 0.001922
0.000174 0.000524
0.000229 0.000395
0.000236 0.000386
0.000240 0.000659
0.000205 0.001109
0.000093 0.000820
0.000053 0.000734
0.000037 0.001005
0.000034 0.001068
0.000037 0.000965
0.000020 0.000402
0.000009 0.000134
0.000004 0.000043
0.000003 0.000031
0.000003 0.000026
0.000004 0.000033
0.000004 0.000031
0.000004 0.000034
0.000004 0.000037
0.000005 0.000041
0.000004 0.000037
0.000004 0.000037
0.000004 0.000035
0.000013 0.000113
0.000018 0.000146
0.000018 0.000138
0.000022 0.000164
0.000024 0.000172
0.000020 0.000151
0.000021 0.000151
0.000026 0.000179
0.000025 0.000176
0.000026 0.000190
0.000025 0.000181
0.000033 0.000238
0.000038 0.000264
0.000045 0.000306
0.000056 0.000372
0.000073 0.000483
0.000081 0.000543
0.000082 0.000565
0.000077 0.000555
0.000077 0.000590
0.000077 0.000614
0.000084 0.000683
0.000083 0.000690
0.000100 0.000798
0.000136 0.000960
0.000154 0.001031
0.000155 0.000987
0.000130 0.000820
0.000095 0.000614
0.000061 0.000419
0.000042 0.000309
0.000030 0.000231
0.000027 0.000194
0.000030 0.000207
0.000036 0.000255
0.000039 0.000259
0.000055 0.000325
0.000067 0.000389
0.000096 0.000514
0.000096 0.000515
0.000051 0.000321
0.000041 0.000258
0.000041 0.000285
0.000032 0.000213
0.000038 0.000256
0.000041 0.000279
0.000044 0.000305
0.000028 0.000197
0.000026 0.000192
0.000023 0.000167
0.000017 0.000128
0.000021 0.000153
0.000017 0.000118
0.000018 0.000122
0.000019 0.000129
0.000017 0.000122
0.000021 0.000146
0.000030 0.000194
0.000032 0.000210
0.000037 0.000246
0.000037 0.000244
0.000047 0.000309
0.000047 0.000320
0.000048 0.000324
0.000048 0.000326
0.000051 0.000358
0.000054 0.000373
0.000060 0.000404
0.000064 0.000425
0.000066 0.000439
0.000071 0.000455
0.000079 0.000495
0.000074 0.000468
0.000079 0.000500
0.000081 0.000515
0.000076 0.000512
0.000072 0.000494
0.000067 0.000471
0.000063 0.000442
0.000056 0.000393
0.000050 0.000363
0.000043 0.000323
0.000041 0.000314
0.000039 0.000306
0.000038 0.000305
0.000033 0.000266
0.000035 0.000286
0.000032 0.000267
0.000034 0.000278
0.000029 0.000229
0.000029 0.000228
0.000027 0.000208
0.000030 0.000236
0.000022 0.000169
0.000022 0.000169
0.000019 0.000151
0.000020 0.000153
0.000014 0.000108
0.000014 0.000109
0.000015 0.000103
0.000013 0.000098
0.000017 0.000127
0.000016 0.000121
0.000020 0.000143
0.000021 0.000151
0.000020 0.000151
0.000022 0.000166
0.000029 0.000211
0.000030 0.000216
0.000035 0.000250
0.000032 0.000230
0.000039 0.000278
0.000038 0.000275
0.000038 0.000273
0.000037 0.000268
0.000042 0.000300
0.000042 0.000302
0.000046 0.000320
0.000045 0.000318
0.000051 0.000352
0.000053 0.000353
0.000062 0.000406
0.000059 0.000396
0.000063 0.000424
0.000073 0.000468
0.000064 0.000443
0.000064 0.000433
0.000060 0.000389
0.000065 0.000410
0.000062 0.000380
0.000057 0.000360
0.000053 0.000337
0.000053 0.000335
0.000052 0.000339
0.000055 0.000352
0.000051 0.000331
0.000051 0.000343
0.000047 0.000332
0.000050 0.000361
0.000040 0.000291
0.000041 0.000293
0.000038 0.000270
0.000040 0.000291
0.000028 0.000210
0.000027 0.000207
0.000024 0.000186
0.000024 0.000190
0.000018 0.000140
0.000017 0.000140
0.000018 0.000137
0.000014 0.000112
0.000019 0.000144
0.000018 0.000130
0.000020 0.000147
0.000021 0.000149
0.000018 0.000133
0.000018 0.000134
0.000021 0.000155
0.000020 0.000145
0.000021 0.000157
0.000019 0.000146
0.000024 0.000187
0.000025 0.000196
0.000025 0.000198
0.000028 0.000216
0.000034 0.000251
0.000040 0.000284
0.000049 0.000333
0.000056 0.000373
0.000064 0.000414
0.000069 0.000441
0.000076 0.000489
0.000074 0.000478
0.000080 0.000510
0.000084 0.000535
0.000090 0.000577
0.000096 0.000602
0.000093 0.000580
0.000091 0.000556
0.000080 0.000491
0.000073 0.000451
0.000062 0.000394
0.000059 0.000374
0.000054 0.000346
0.000053 0.000345
0.000045 0.000296
0.000048 0.000316
0.000046 0.000300
0.000050 0.000327
0.000044 0.000284
0.000046 0.000293
0.000043 0.000281
0.000049 0.000318
0.000035 0.000231
0.000035 0.000236
0.000030 0.000212
0.000031 0.000222
0.000023 0.000168
0.000024 0.000168
0.000024 0.000156
0.000015 0.000103
0.000018 0.000128
0.000016 0.000110
0.000018 0.000117
0.000017 0.000111
0.000014 0.000095
0.000013 0.000088
0.000015 0.000099
0.000013 0.000091
0.000013 0.000093
0.000011 0.000084
0.000013 0.000100
0.000013 0.000102
0.000013 0.000103
0.000014 0.000110
0.000015 0.000121
0.000018 0.000134
0.000021 0.000154
0.000023 0.000176
0.000028 0.000216
0.000034 0.000274
0.000048 0.000381
0.000065 0.000499
0.000101 0.000745
0.000173 0.001188
0.000241 0.001621
0.000332 0.002079
0.000412 0.002481
0.000550 0.002936
0.000519 0.002721
0.000465 0.002441
0.000425 0.002135
0.000414 0.002031
0.000498 0.002381
0.000592 0.002973
0.000719 0.003399
0.000946 0.004212
0.001117 0.005016
0.001309 0.006177
0.001200 0.006193
0.000760 0.004361
0.000599 0.003717
0.000582 0.003979
0.000361 0.002657
0.000320 0.002435
0.000212 0.001591
0.000168 0.001225
0.000085 0.000626
0.000063 0.000480
0.000046 0.000311
0.000045 0.000287
0.000042 0.000289
0.000027 0.000191
0.000026 0.000179
0.000025 0.000174
0.000025 0.000183
0.000028 0.000201
0.000034 0.000234
0.000034 0.000227
0.000040 0.000266
0.000042 0.000255
0.000050 0.000297
0.000039 0.000238
0.000044 0.000259
0.000042 0.000239
0.000042 0.000250
0.000038 0.000233
0.000038 0.000230
0.000047 0.000274
0.000054 0.000312
0.000078 0.000404
0.000053 0.000306
0.000069 0.000363
0.000076 0.000380
0.000110 0.000477
0.000104 0.000497
0.000088 0.000443
0.000088 0.000434
0.000087 0.000413
0.000095 0.000458
0.000065 0.000336
0.000046 0.000249
0.000056 0.000301
0.000047 0.000259
0.000094 0.000433
0.000038 0.000224
0.000052 0.000302
0.000061 0.000314
0.000061 0.000324
0.000060 0.000314
0.000052 0.000292
0.000048 0.000260
0.000055 0.000291
0.000040 0.000223
0.000038 0.000212
0.000031 0.000176
0.000037 0.000205
0.000028 0.000161
0.000033 0.000190
0.000038 0.000191
0.000018 0.000109
0.000024 0.000131
0.000023 0.000126
0.000026 0.000147
0.000027 0.000147
0.000021 0.000115
0.000020 0.000111
0.000024 0.000133
0.000017 0.000102
0.000021 0.000114
0.000020 0.000107
0.000029 0.000149
0.000024 0.000115
0.000013 0.000071
0.000019 0.000098
0.000020 0.000102
0.000051 0.000192
0.000024 0.000129
0.000028 0.000156
0.000035 0.000183
0.000023 0.000128
0.000031 0.000130
0.000022 0.000107
0.000022 0.000110
0.000014 0.000073
0.000012 0.000049
0.000016 0.000063
0.000036 0.000084
0.000026 0.000100
0.000035 0.000201
0.000004 0.000025
0.000003 0.000062
0.000002 0.000028
0.000010 0.000092
0.000030 0.000281
0.000014 0.000124
0.983832 0.934370
0.004982 0.001613
0.000011 0.000139
0.000026 0.000099
0.000003 0.000016
0.000064 0.000120
0.000016 0.000060
0.000013 0.000039
0.000006 0.000086
0.000038 0.000140
0.000013 0.000066
0.000014 0.000085
0.000026 0.000225
0.000007 0.000081
0.000030 0.000295
0.000033 0.000354
0.000028 0.000304
0.000024 0.000178
0.000019 0.000158
0.000012 0.000100
0.000009 0.000059
0.000015 0.000090
0.000019 0.000111
0.000013 0.000083
0.000013 0.000080
0.000012 0.000066
0.000019 0.000098
0.000012 0.000066
0.000011 0.000058
0.000012 0.000064
0.000013 0.000071
0.000015 0.000077
0.000016 0.000081
0.000023 0.000112
0.000025 0.000119
0.000028 0.000136
0.000028 0.000129
0.000038 0.000176
0.000038 0.000180
0.000041 0.000195
0.000041 0.000202
0.000046 0.000230
0.000046 0.000222
0.000044 0.000220
0.000044 0.000217
0.000039 0.000209
0.000044 0.000221
0.000042 0.000210
0.000040 0.000206
0.000038 0.000187
0.000040 0.000203
0.000040 0.000199
0.000035 0.000189
0.000032 0.000175
0.000034 0.000186
0.000033 0.000184
0.000041 0.000214
0.000031 0.000174
0.000032 0.000173
0.000027 0.000150
0.000028 0.000153
0.000021 0.000114
0.000021 0.000115
0.000022 0.000111
0.000012 0.000066
0.000016 0.000082
0.000014 0.000074
0.000016 0.000081
0.000017 0.000088
0.000014 0.000076
0.000016 0.000083
0.000021 0.000108
0.000022 0.000113
0.000024 0.000129
0.000024 0.000126
0.000034 0.000177
0.000035 0.000184
0.000032 0.000177
0.000037 0.000188
0.000035 0.000194
0.000039 0.000209
0.000044 0.000230
0.000045 0.000234
0.000052 0.000262
0.000054 0.000291
0.000060 0.000320
0.000059 0.000316
0.000072 0.000370
0.000092 0.000435
0.000100 0.000464
0.000106 0.000468
0.000095 0.000413
0.000089 0.000384
0.000067 0.000309
0.000051 0.000257
0.000048 0.000241
0.000042 0.000223
0.000051 0.000270
0.000066 0.000348
0.000072 0.000358
0.000108 0.000467
0.000134 0.000571
0.000168 0.000737
0.000177 0.000775
0.000082 0.000426
0.000061 0.000311
0.000053 0.000286
0.000035 0.000202
0.000035 0.000201
0.000035 0.000200
0.000042 0.000233
0.000029 0.000156
0.000026 0.000154
0.000023 0.000128
0.000015 0.000079
0.000018 0.000094
0.000016 0.000079
0.000016 0.000081
0.000019 0.000093
0.000018 0.000090
0.000022 0.000110
0.000029 0.000139
0.000030 0.000144
0.000033 0.000158
0.000031 0.000149
0.000040 0.000195
0.000040 0.000197
0.000038 0.000190
0.000038 0.000191
0.000042 0.000211
0.000048 0.000231
0.000054 0.000252
0.000052 0.000243
0.000054 0.000251
0.000057 0.000255
0.000063 0.000281
0.000063 0.000278
0.000069 0.000304
0.000071 0.000325
0.000081 0.000375
0.000081 0.000386
0.000078 0.000380
0.000074 0.000361
0.000063 0.000320
0.000060 0.000304
0.000060 0.000296
0.000062 0.000307
0.000056 0.000290
0.000057 0.000300
0.000047 0.000258
0.000050 0.000274
0.000047 0.000254
0.000048 0.000262
0.000037 0.000209
0.000040 0.000220
0.000034 0.000195
0.000038 0.000212
0.000029 0.000167
0.000032 0.000178
0.000027 0.000157
0.000028 0.000159
0.000023 0.000127
0.000021 0.000122
0.000026 0.000128
0.000006 0.000035
0.000008 0.000042
0.000007 0.000039
0.000008 0.000047
0.000008 0.000042
0.000006 0.000037
0.000007 0.000040
0.000009 0.000049
0.000008 0.000043
0.000008 0.000050
0.000008 0.000046
0.000009 0.000047
0.000005 0.000026
0.000006 0.000025
0.000008 0.000031
0.000007 0.000026
0.000010 0.000043
0.000012 0.000057
0.000012 0.000072
0.000012 0.000084
0.000012 0.000077
0.000024 0.000135
0.000007 0.000051
0.000009 0.000058
0.000012 0.000063
0.000032 0.000243
0.000020 0.000100
0.000061 0.000357
0.000147 0.000698
0.000011 0.000172
0.000003 0.000091
0.000011 0.000162
0.000011 0.000275
0.000066 0.000991
0.000059 0.000456
0.976450 0.929868
0.004038 0.004163
0.000026 0.000399
0.000044 0.000203
0.000010 0.000075
0.000165 0.000719
0.000052 0.000505
0.000030 0.000189
0.000031 0.000344
0.000067 0.000180
0.000041 0.000138
0.000027 0.000105
0.000022 0.000215
0.000006 0.000182
0.000013 0.000360
0.000041 0.001140
0.000075 0.002079
0.000074 0.001129
0.000134 0.001602
0.000168 0.001694
0.000098 0.000720
0.000105 0.000731
0.000128 0.000659
0.000066 0.000286
0.000059 0.000255
0.000040 0.000189
0.000044 0.000236
0.000039 0.000222
0.000031 0.000189
0.000060 0.000348
0.000049 0.000343
0.000049 0.000423
0.000035 0.000340
0.000040 0.000438
0.000028 0.000352
0.000022 0.000305
0.000013 0.000198
0.000013 0.000210
0.000007 0.000124
0.000007 0.000113
0.000007 0.000102
0.000007 0.000102
0.000005 0.000069
0.000006 0.000072
0.000006 0.000064
0.000006 0.000057
0.000005 0.000046
0.000006 0.000045
0.000006 0.000037
0.000007 0.000044
0.000009 0.000082
0.000008 0.000081
0.000009 0.000104
0.000007 0.000068
0.000012 0.000088
0.000021 0.000146
0.000022 0.000118
0.000043 0.000183
0.000074 0.000199
0.000141 0.000240
0.000221 0.000419
0.000111 0.000357
0.000156 0.001258
0.000035 0.000204
0.000014 0.000332
0.000002 0.000037
0.000017 0.000315
0.000077 0.001161
0.000044 0.000761
0.985508 0.942792
0.007031 0.004844
0.000027 0.000250
0.000125 0.000351
0.000023 0.000108
0.000054 0.000221
0.000013 0.000115
0.000016 0.000079
0.000004 0.000074
0.000020 0.000105
0.000011 0.000084
0.000012 0.000178
0.000024 0.000444
0.000013 0.000234
0.000046 0.000754
0.000031 0.000468
0.000049 0.000522
0.000037 0.000259
0.000022 0.000180
0.000023 0.000179
0.000020 0.000146
0.000033 0.000207
0.000048 0.000263
0.000030 0.000186
0.000022 0.000133
0.000015 0.000103
0.000016 0.000124
0.000012 0.000097
0.000010 0.000076
0.000011 0.000082
0.000015 0.000119
0.000016 0.000120
0.000023 0.000152
0.000039 0.000239
0.000042 0.000276
0.000040 0.000267
0.000024 0.000181
0.000024 0.000177
0.000023 0.000181
0.000017 0.000137
0.000017 0.000149
0.000022 0.000192
0.000029 0.000241
0.000023 0.000178
0.000023 0.000174
0.000023 0.000164
0.000019 0.000136
0.000020 0.000148
0.000015 0.000107
0.000014 0.000103
0.000014 0.000099
0.000013 0.000096
0.000015 0.000110
0.000020 0.000145
0.000021 0.000156
0.000025 0.000188
0.000024 0.000183
0.000033 0.000249
0.000037 0.000280
0.000041 0.000301
0.000043 0.000317
0.000047 0.000347
0.000051 0.000366
0.000053 0.000375
0.000054 0.000372
0.000058 0.000394
0.000064 0.000419
0.000072 0.000469
0.000070 0.000451
0.000081 0.000496
0.000090 0.000530
0.000097 0.000565
0.000092 0.000540
0.000083 0.000494
0.000073 0.000438
0.000059 0.000369
0.000053 0.000340
0.000046 0.000305
0.000046 0.000304
0.000047 0.000308
0.000048 0.000325
0.000044 0.000294
0.000048 0.000318
0.000044 0.000297
0.000048 0.000318
0.000039 0.000258
0.000038 0.000255
0.000034 0.000230
0.000037 0.000252
0.000026 0.000183
0.000027 0.000185
0.000025 0.000173
0.000027 0.000183
0.000021 0.000146
0.000021 0.000144
0.000021 0.000132
0.000011 0.000078
0.000013 0.000090
0.000010 0.000073
0.000011 0.000078
0.000010 0.000077
0.000008 0.000066
0.000008 0.000065
0.000010 0.000076
0.000009 0.000075
0.000010 0.000084
0.000010 0.000078
0.000012 0.000095
0.000013 0.000099
0.000014 0.000102
0.000016 0.000120
0.000021 0.000156
0.000027 0.000203
0.000037 0.000284
0.000054 0.000396
0.000080 0.000586
0.000107 0.000793
0.000166 0.001170
0.000217 0.001445
0.000334 0.002073
0.000487 0.002761
0.000631 0.003375
0.000642 0.003412
0.000674 0.003345
0.000730 0.003397
0.000651 0.003126
0.000628 0.003119
0.000585 0.003017
0.000544 0.002909
0.000531 0.003041
0.000553 0.003371
0.000519 0.003366
0.000577 0.003805
0.000536 0.003673
0.000570 0.003922
0.000350 0.002594
0.000272 0.002061
0.000156 0.001221
0.000121 0.000922
0.000067 0.000517
0.000052 0.000388
0.000036 0.000275
0.000032 0.000232
0.000020 0.000153
0.000017 0.000135
0.000016 0.000113
0.000019 0.000134
0.000025 0.000175
0.000027 0.000176
0.000030 0.000189
0.000032 0.000189
0.000033 0.000193
0.000032 0.000182
0.000039 0.000216
0.000025 0.000154
0.000034 0.000206
0.000034 0.000190
0.000039 0.000229
0.000039 0.000232
0.000033 0.000207
0.000043 0.000249
0.000047 0.000272
0.000063 0.000344
0.000050 0.000293
0.000058 0.000319
0.000069 0.000346
0.000081 0.000385
0.000092 0.000456
0.000075 0.000383
0.000096 0.000469
0.000110 0.000495
0.000130 0.000612
0.000093 0.000451
0.000069 0.000361
0.000079 0.000418
0.000055 0.000302
0.000141 0.000577
0.000040 0.000239
0.000065 0.000363
0.000064 0.000336
0.000083 0.000401
0.000076 0.000383
0.000071 0.000386
0.000058 0.000317
0.000059 0.000312
0.000052 0.000288
0.000047 0.000272
0.000043 0.000245
0.000059 0.000326
0.000051 0.000281
0.000056 0.000310
0.000055 0.000304
0.000058 0.000306
0.000060 0.000292
0.000052 0.000271
0.000046 0.000231
0.000016 0.000094
0.000015 0.000093
0.000014 0.000087
0.000017 0.000103
0.000014 0.000081
0.000015 0.000084
0.000017 0.000092
0.000023 0.000118
0.000020 0.000093
0.000012 0.000066
0.000015 0.000078
0.000019 0.000089
0.000038 0.000147
0.000018 0.000095
0.000022 0.000122
0.000028 0.000146
0.000019 0.000109
0.000024 0.000110
0.000019 0.000097
0.000019 0.000100
0.000012 0.000065
0.000011 0.000045
0.000013 0.000051
0.000033 0.000076
0.000027 0.000099
0.000042 0.000217
0.000004 0.000027
0.000004 0.000067
0.000003 0.000031
0.000013 0.000105
0.000036 0.000316
0.000017 0.000139
0.982817 0.933758
0.006749 0.002084
0.000017 0.000177
0.000036 0.000118
0.000005 0.000020
0.000096 0.000169
0.000022 0.000084
0.000023 0.000064
0.000008 0.000115
0.000050 0.000184
0.000018 0.000087
0.000019 0.000116
0.000042 0.000367
0.000010 0.000124
0.000026 0.000278
0.000018 0.000213
0.000018 0.000221
0.000013 0.000098
0.000017 0.000130
0.000014 0.000104
0.000009 0.000055
0.000015 0.000081
0.000021 0.000119
0.000015 0.000090
0.000019 0.000108
0.000018 0.000089
0.000027 0.000130
0.000017 0.000090
0.000015 0.000077
0.000017 0.000085
0.000017 0.000090
0.000019 0.000093
0.000020 0.000097
0.000028 0.000134
0.000033 0.000149
0.000042 0.000185
0.000048 0.000204
0.000073 0.000309
0.000063 0.000292
0.000061 0.000287
0.000059 0.000288
0.000063 0.000319
0.000063 0.000312
0.000065 0.000329
0.000065 0.000324
0.000064 0.000324
0.000061 0.000311
0.000051 0.000264
0.000041 0.000226
0.000039 0.000209
0.000039 0.000204
0.000040 0.000206
0.000035 0.000189
0.000031 0.000167
0.000035 0.000185
0.000034 0.000176
0.000040 0.000198
0.000034 0.000171
0.000034 0.000177
0.000034 0.000180
0.000039 0.000211
0.000031 0.000175
0.000032 0.000183
0.000027 0.000159
0.000030 0.000164
0.000023 0.000126
0.000023 0.000123
0.000023 0.000114
0.000013 0.000071
0.000017 0.000087
0.000014 0.000079
0.000017 0.000091
0.000018 0.000098
0.000016 0.000087
0.000018 0.000093
0.000022 0.000115
0.000023 0.000119
0.000024 0.000125
0.000026 0.000129
0.000029 0.000155
0.000032 0.000170
0.000033 0.000176
0.000037 0.000196
0.000045 0.000239
0.000047 0.000250
0.000052 0.000268
0.000052 0.000258
0.000058 0.000277
0.000053 0.000255
0.000056 0.000269
0.000054 0.000259
0.000059 0.000277
0.000066 0.000307
0.000067 0.000322
0.000063 0.000313
0.000064 0.000317
0.000060 0.000303
0.000056 0.000286
0.000048 0.000252
0.000042 0.000225
0.000046 0.000234
0.000043 0.000221
0.000045 0.000230
0.000036 0.000189
0.000035 0.000190
0.000035 0.000185
0.000036 0.000192
0.000031 0.000164
0.000033 0.000173
0.000032 0.000172
0.000035 0.000183
0.000029 0.000154
0.000029 0.000156
0.000023 0.000133
0.000026 0.000143
0.000019 0.000108
0.000020 0.000108
0.000022 0.000111
0.000013 0.000070
0.000016 0.000084
0.000014 0.000078
0.000016 0.000084
0.000017 0.000088
0.000015 0.000080
0.000016 0.000088
0.000022 0.000114
0.000024 0.000122
0.000025 0.000129
0.000022 0.000114
0.000028 0.000140
0.000030 0.000143
0.000031 0.000144
0.000030 0.000144
0.000034 0.000168
0.000036 0.000175
0.000039 0.000191
0.000042 0.000202
0.000046 0.000223
0.000047 0.000227
0.000058 0.000267
0.000050 0.000240
0.000055 0.000268
0.000050 0.000254
0.000048 0.000254
0.000047 0.000248
0.000047 0.000250
0.000050 0.000256
0.000037 0.000203
0.000034 0.000190
0.000028 0.000157
0.000025 0.000143
0.000022 0.000127
0.000019 0.000115
0.000016 0.000099
0.000018 0.000111
0.000018 0.000115
0.000019 0.000123
0.000020 0.000121
0.000024 0.000136
0.000023 0.000131
0.000023 0.000133
0.000018 0.000104
0.000018 0.000103
0.000020 0.000119
0.000027 0.000158
0.000025 0.000138
0.000024 0.000125
0.000030 0.000150
0.000015 0.000081
0.000024 0.000118
0.000022 0.000110
0.000024 0.000116
0.000028 0.000124
0.000023 0.000103
0.000027 0.000128
0.000036 0.000169
0.000033 0.000168
0.000040 0.000181
0.000045 0.000179
0.000086 0.000303
0.000104 0.000395
0.000138 0.000452
0.000176 0.000523
0.000199 0.000690
0.000171 0.000574
0.000076 0.000319
